Level 1
Sequence of moves: 
    1 
   1 1 
  1 0 1 
 1 1 1 1 
1 1 1 1 1 
move: (4,1) => (2,1)
    1 
   1 1 
  1 1 1 
 1 0 1 1 
1 0 1 1 1 
move: (3,3) => (3,1)
    1 
   1 1 
  1 1 1 
 1 1 0 0 
1 0 1 1 1 
move: (1,0) => (3,2)
    1 
   0 1 
  1 0 1 
 1 1 1 0 
1 0 1 1 1 
move: (1,1) => (3,3)
    1 
   0 0 
  1 0 0 
 1 1 1 1 
1 0 1 1 1 
move: (3,0) => (1,0)
    1 
   1 0 
  0 0 0 
 0 1 1 1 
1 0 1 1 1 
move: (0,0) => (2,0)
    0 
   0 0 
  1 0 0 
 0 1 1 1 
1 0 1 1 1 
move: (4,3) => (4,1)
    0 
   0 0 
  1 0 0 
 0 1 1 1 
1 1 0 0 1 
move: (2,0) => (4,2)
    0 
   0 0 
  0 0 0 
 0 0 1 1 
1 1 1 0 1 
move: (4,1) => (4,3)
    0 
   0 0 
  0 0 0 
 0 0 1 1 
1 0 0 1 1 
move: (4,4) => (2,2)
    0 
   0 0 
  0 0 1 
 0 0 1 0 
1 0 0 1 0 
move: (2,2) => (4,2)
    0 
   0 0 
  0 0 0 
 0 0 0 0 
1 0 1 1 0 
move: (4,3) => (4,1)
    0 
   0 0 
  0 0 0 
 0 0 0 0 
1 1 0 0 0 
move: (4,0) => (4,2)
    0 
   0 0 
  0 0 0 
 0 0 0 0 
0 0 1 0 0 
Number of moves: 13
Number of vertices examined: 19386
0.183923 [s]

