Level 1
8 solutions in total:
12: 1,5,6; 2,6,4; 3,4,5; 9-digit string: 156264345
12: 1,6,5; 3,5,4; 2,4,6; 9-digit string: 165354246
11: 1,6,4; 5,4,2; 3,2,6; 9-digit string: 164542326
11: 1,4,6; 3,6,2; 5,2,4; 9-digit string: 146362524
10: 2,5,3; 6,3,1; 4,1,5; 9-digit string: 253631415
10: 2,3,5; 4,5,1; 6,1,3; 9-digit string: 235451613
9: 4,3,2; 6,2,1; 5,1,3; 9-digit string: 432621513
9: 4,2,3; 5,3,1; 6,1,2; 9-digit string: 423531612
The maximum 9-digit string is: 432621513
Number of vertices examined: 129
0.006154 [s]

Level 2
12 solutions in total:
15: 1,8,6; 2,6,7; 5,7,3; 4,3,8; 12-digit string: 186267573438
15: 1,6,8; 4,8,3; 5,3,7; 2,7,6; 12-digit string: 168483537276
14: 2,8,4; 3,4,7; 6,7,1; 5,1,8; 12-digit string: 284347671518
14: 2,4,8; 5,8,1; 6,1,7; 3,7,4; 12-digit string: 248581617374
14: 1,8,5; 6,5,3; 7,3,4; 2,4,8; 12-digit string: 185653734248
14: 1,5,8; 2,8,4; 7,4,3; 6,3,5; 12-digit string: 158284743635
13: 3,8,2; 6,2,5; 7,5,1; 4,1,8; 12-digit string: 382625751418
13: 3,2,8; 4,8,1; 7,1,5; 6,5,2; 12-digit string: 328481715652
13: 2,6,5; 7,5,1; 8,1,4; 3,4,6; 12-digit string: 265751814346
13: 2,5,6; 3,6,4; 8,4,1; 7,1,5; 12-digit string: 256364841715
12: 4,6,2; 7,2,3; 8,3,1; 5,1,6; 12-digit string: 462723831516
12: 4,2,6; 5,6,1; 8,1,3; 7,3,2; 12-digit string: 426561813732
The maximum 12-digit string is: 462723831516
Number of vertices examined: 465
0.036765 [s]

Level 3
12 solutions in total:
19: 1,8,10; 2,10,7; 3,7,9; 4,9,6; 5,6,8; 17-digit string: 18102107379496568
19: 1,10,8; 5,8,6; 4,6,9; 3,9,7; 2,7,10; 17-digit string: 11085864693972710
17: 2,8,7; 9,7,1; 6,1,10; 3,10,4; 5,4,8; 17-digit string: 28797161103104548
17: 2,7,8; 5,8,4; 3,4,10; 6,10,1; 9,1,7; 17-digit string: 27858434106101917
17: 1,10,6; 9,6,2; 7,2,8; 5,8,4; 3,4,10; 17-digit string: 11069627285843410
17: 1,6,10; 3,10,4; 5,4,8; 7,8,2; 9,2,6; 17-digit string: 16103104548782926
16: 2,10,4; 9,4,3; 6,3,7; 8,7,1; 5,1,10; 17-digit string: 21049436378715110
16: 2,9,5; 10,5,1; 8,1,7; 6,7,3; 4,3,9; 16-digit string: 2951051817673439
16: 2,4,10; 5,10,1; 8,1,7; 6,7,3; 9,3,4; 17-digit string: 24105101817673934
16: 2,5,9; 4,9,3; 6,3,7; 8,7,1; 10,1,5; 16-digit string: 2594936378711015
14: 6,5,3; 10,3,1; 9,1,4; 8,4,2; 7,2,5; 16-digit string: 6531031914842725
14: 6,3,5; 7,5,2; 8,2,4; 9,4,1; 10,1,3; 16-digit string: 6357528249411013
The maximum 16-digit string is: 6531031914842725
The maximum 17-digit string is: 28797161103104548
Number of vertices examined: 2343
0.335402 [s]

Level 4
40 solutions in total:
22: 1,11,10; 4,10,8; 2,8,12; 3,12,7; 9,7,6; 5,6,11; 24-digit string: 111104108281231279765611
22: 1,11,10; 5,10,7; 9,7,6; 4,6,12; 2,12,8; 3,8,11; 24-digit string: 111105107976461221283811
22: 1,11,10; 3,10,9; 5,9,8; 2,8,12; 6,12,4; 7,4,11; 24-digit string: 111103109598281261247411
22: 1,10,11; 7,11,4; 6,4,12; 2,12,8; 5,8,9; 3,9,10; 24-digit string: 110117114641221285893910
22: 1,10,11; 5,11,6; 9,6,7; 3,7,12; 2,12,8; 4,8,10; 24-digit string: 110115116967371221284810
22: 1,10,11; 3,11,8; 2,8,12; 4,12,6; 9,6,7; 5,7,10; 24-digit string: 110113118281241269675710
21: 1,11,9; 7,9,5; 4,5,12; 6,12,3; 10,3,8; 2,8,11; 23-digit string: 11197954512612310382811
21: 1,9,11; 2,11,8; 10,8,3; 6,3,12; 4,12,5; 7,5,9; 23-digit string: 19112118108363124125759
20: 2,12,6; 4,6,10; 9,10,1; 11,1,8; 7,8,5; 3,5,12; 23-digit string: 21264610910111187853512
20: 2,10,8; 11,8,1; 7,1,12; 3,12,5; 9,5,6; 4,6,10; 23-digit string: 21081181711231259564610
20: 2,8,10; 4,10,6; 9,6,5; 3,5,12; 7,12,1; 11,1,8; 23-digit string: 28104106965351271211118
20: 1,12,7; 11,7,2; 8,2,10; 4,10,6; 9,6,5; 3,5,12; 23-digit string: 11271172821041069653512
20: 2,6,12; 3,12,5; 7,5,8; 11,8,1; 9,1,10; 4,10,6; 23-digit string: 26123125758118191104106
20: 1,10,9; 7,9,4; 11,4,5; 3,5,12; 6,12,2; 8,2,10; 23-digit string: 11097941145351261228210
20: 1,10,9; 7,9,4; 5,4,11; 3,11,6; 12,6,2; 8,2,10; 23-digit string: 11097945411311612628210
20: 1,10,9; 3,9,8; 5,8,7; 11,7,2; 12,2,6; 4,6,10; 22-digit string: 1109398587117212264610
20: 1,9,10; 8,10,2; 12,2,6; 3,6,11; 5,11,4; 7,4,9; 23-digit string: 19108102122636115114749
20: 1,9,10; 8,10,2; 6,2,12; 3,12,5; 11,5,4; 7,4,9; 23-digit string: 19108102621231251154749
20: 1,9,10; 4,10,6; 12,6,2; 11,2,7; 5,7,8; 3,8,9; 22-digit string: 1910410612621127578389
20: 1,7,12; 3,12,5; 9,5,6; 4,6,10; 8,10,2; 11,2,7; 23-digit string: 17123125956461081021127
19: 2,12,5; 11,5,3; 9,3,7; 4,7,8; 10,8,1; 6,1,12; 22-digit string: 2125115393747810816112
19: 2,12,5; 6,5,8; 10,8,1; 11,1,7; 9,7,3; 4,3,12; 22-digit string: 2125658108111179734312
19: 2,11,6; 12,6,1; 10,1,8; 4,8,7; 9,7,3; 5,3,11; 22-digit string: 2116126110184879735311
19: 2,9,8; 10,8,1; 7,1,11; 5,11,3; 12,3,4; 6,4,9; 22-digit string: 2981081711151131234649
19: 2,8,9; 6,9,4; 12,4,3; 5,3,11; 7,11,1; 10,1,8; 22-digit string: 2896941243531171111018
19: 2,6,11; 5,11,3; 9,3,7; 4,7,8; 10,8,1; 12,1,6; 22-digit string: 2611511393747810811216
19: 2,5,12; 6,12,1; 10,1,8; 4,8,7; 9,7,3; 11,3,5; 22-digit string: 2512612110184879731135
19: 2,5,12; 4,12,3; 9,3,7; 11,7,1; 10,1,8; 6,8,5; 22-digit string: 2512412393711711018685
19: 1,11,7; 9,7,3; 12,3,4; 10,4,5; 8,5,6; 2,6,11; 22-digit string: 1117973123410458562611
19: 1,11,7; 10,7,2; 8,2,9; 6,9,4; 12,4,3; 5,3,11; 22-digit string: 1117107282969412435311
19: 1,7,11; 5,11,3; 12,3,4; 6,4,9; 8,9,2; 10,2,7; 22-digit string: 1711511312346498921027
19: 1,7,11; 2,11,6; 8,6,5; 10,5,4; 12,4,3; 9,3,7; 22-digit string: 1711211686510541243937
18: 3,10,5; 11,5,2; 12,2,4; 6,4,8; 9,8,1; 7,1,10; 22-digit string: 3105115212246489817110
18: 3,5,10; 7,10,1; 9,1,8; 6,8,4; 12,4,2; 11,2,5; 22-digit string: 3510710191868412421125
17: 6,9,2; 12,2,3; 10,3,4; 8,4,5; 11,5,1; 7,1,9; 21-digit string: 692122310348451151719
17: 6,2,9; 7,9,1; 11,1,5; 8,5,4; 10,4,3; 12,3,2; 21-digit string: 629791111585410431232
17: 4,7,6; 10,6,1; 11,1,5; 9,5,3; 12,3,2; 8,2,7; 21-digit string: 476106111159531232827
17: 4,7,6; 8,6,3; 12,3,2; 10,2,5; 11,5,1; 9,1,7; 21-digit string: 476863123210251151917
17: 4,6,7; 9,7,1; 11,1,5; 10,5,2; 12,2,3; 8,3,6; 21-digit string: 467971111510521223836
17: 4,6,7; 8,7,2; 12,2,3; 9,3,5; 11,5,1; 10,1,6; 21-digit string: 467872122393511511016
The maximum 21-digit string is: 692122310348451151719
The maximum 22-digit string is: 3510710191868412421125
The maximum 23-digit string is: 28104106965351271211118
The maximum 24-digit string is: 111105107976461221283811
Number of vertices examined: 9674
2.14994 [s]

Level 5
236 solutions in total:
26: 1,14,11; 7,11,8; 6,8,12; 5,12,9; 4,9,13; 3,13,10; 2,10,14; 31-digit string: 1141171186812512949133131021014
26: 1,14,11; 3,11,12; 6,12,8; 5,8,13; 4,13,9; 7,9,10; 2,10,14; 31-digit string: 1141131112612858134139791021014
26: 1,14,11; 2,11,13; 5,13,8; 6,8,12; 4,12,10; 7,10,9; 3,9,14; 31-digit string: 1141121113513868124121071093914
26: 1,14,11; 2,11,13; 3,13,10; 7,10,9; 5,9,12; 6,12,8; 4,8,14; 31-digit string: 1141121113313107109591261284814
26: 1,13,12; 6,12,8; 4,8,14; 3,14,9; 7,9,10; 5,10,11; 2,11,13; 31-digit string: 1131261284814314979105101121113
26: 1,13,12; 6,12,8; 7,8,11; 5,11,10; 2,10,14; 3,14,9; 4,9,13; 31-digit string: 1131261287811511102101431494913
26: 1,13,12; 4,12,10; 2,10,14; 3,14,9; 6,9,11; 7,11,8; 5,8,13; 31-digit string: 1131241210210143149691171185813
26: 1,13,12; 3,12,11; 6,11,9; 7,9,10; 2,10,14; 4,14,8; 5,8,13; 31-digit string: 1131231211611979102101441485813
26: 1,13,12; 5,12,9; 6,9,11; 7,11,8; 4,8,14; 2,14,10; 3,10,13; 31-digit string: 1131251296911711848142141031013
26: 1,11,14; 3,14,9; 7,9,10; 4,10,12; 6,12,8; 5,8,13; 2,13,11; 31-digit string: 1111431497910410126128581321311
26: 1,11,14; 4,14,8; 6,8,12; 5,12,9; 7,9,10; 3,10,13; 2,13,11; 31-digit string: 1111441486812512979103101321311
26: 1,11,14; 2,14,10; 7,10,9; 4,9,13; 5,13,8; 6,8,12; 3,12,11; 31-digit string: 1111421410710949135138681231211
26: 1,11,14; 2,14,10; 3,10,13; 4,13,9; 5,9,12; 6,12,8; 7,8,11; 31-digit string: 1111421410310134139591261287811
26: 1,12,13; 4,13,9; 3,9,14; 2,14,10; 5,10,11; 7,11,8; 6,8,12; 31-digit string: 1121341393914214105101171186812
26: 1,12,13; 5,13,8; 4,8,14; 2,14,10; 7,10,9; 6,9,11; 3,11,12; 31-digit string: 1121351384814214107109691131112
26: 1,12,13; 5,13,8; 7,8,11; 6,11,9; 3,9,14; 2,14,10; 4,10,12; 31-digit string: 1121351387811611939142141041012
26: 1,12,13; 3,13,10; 2,10,14; 4,14,8; 7,8,11; 6,11,9; 5,9,12; 31-digit string: 1121331310210144148781161195912
26: 1,12,13; 2,13,11; 5,11,10; 7,10,9; 3,9,14; 4,14,8; 6,8,12; 31-digit string: 1121321311511107109391441486812
25: 1,14,10; 4,10,11; 8,11,6; 12,6,7; 5,7,13; 3,13,9; 2,9,14; 30-digit string: 114104101181161267571331392914
25: 1,14,10; 4,10,11; 6,11,8; 12,8,5; 7,5,13; 3,13,9; 2,9,14; 30-digit string: 114104101161181285751331392914
25: 1,14,10; 4,10,11; 2,11,12; 6,12,7; 5,7,13; 9,13,3; 8,3,14; 31-digit string: 1141041011211126127571391338314
25: 1,13,11; 8,11,6; 5,6,14; 7,14,4; 9,4,12; 3,12,10; 2,10,13; 31-digit string: 1131181165614714494123121021013
25: 1,13,11; 4,11,10; 8,10,7; 12,7,6; 5,6,14; 2,14,9; 3,9,13; 30-digit string: 113114111081071276561421493913
25: 1,13,11; 4,11,10; 7,10,8; 12,8,5; 6,5,14; 2,14,9; 3,9,13; 30-digit string: 113114111071081285651421493913
25: 1,13,11; 4,11,10; 6,10,9; 2,9,14; 3,14,8; 12,8,5; 7,5,13; 30-digit string: 113114111061092914314812857513
25: 1,13,11; 2,11,12; 3,12,10; 9,10,6; 5,6,14; 7,14,4; 8,4,13; 31-digit string: 1131121112312109106561471448413
25: 1,14,10; 2,10,13; 3,13,9; 11,9,5; 8,5,12; 6,12,7; 4,7,14; 30-digit string: 114102101331391195851261274714
25: 1,14,10; 2,10,13; 3,13,9; 5,9,11; 8,11,6; 12,6,7; 4,7,14; 30-digit string: 114102101331395911811612674714
25: 1,11,13; 7,13,5; 12,5,8; 3,8,14; 2,14,9; 6,9,10; 4,10,11; 30-digit string: 111137135125838142149691041011
25: 1,11,13; 8,13,4; 7,4,14; 5,14,6; 9,6,10; 3,10,12; 2,12,11; 31-digit string: 1111381347414514696103101221211
25: 1,11,13; 3,13,9; 2,9,14; 5,14,6; 12,6,7; 8,7,10; 4,10,11; 30-digit string: 111133139291451461267871041011
25: 1,11,13; 3,13,9; 2,9,14; 6,14,5; 12,5,8; 7,8,10; 4,10,11; 30-digit string: 111133139291461451258781041011
25: 1,11,13; 2,13,10; 3,10,12; 9,12,4; 7,4,14; 5,14,6; 8,6,11; 31-digit string: 1111321310310129124741451468611
25: 1,10,14; 8,14,3; 9,3,13; 5,13,7; 6,7,12; 2,12,11; 4,11,10; 31-digit string: 1101481439313513767122121141110
25: 1,10,14; 4,14,7; 12,7,6; 8,6,11; 5,11,9; 3,9,13; 2,13,10; 30-digit string: 110144147127686115119391321310
25: 1,10,14; 4,14,7; 6,7,12; 8,12,5; 11,5,9; 3,9,13; 2,13,10; 30-digit string: 110144147671281251159391321310
25: 1,10,14; 2,14,9; 3,9,13; 5,13,7; 12,7,6; 8,6,11; 4,11,10; 30-digit string: 110142149391351371276861141110
25: 1,10,14; 2,14,9; 3,9,13; 7,13,5; 12,5,8; 6,8,11; 4,11,10; 30-digit string: 110142149391371351258681141110
24: 2,14,8; 7,8,9; 3,9,12; 11,12,1; 10,1,13; 5,13,6; 4,6,14; 29-digit string: 21487893912111211011351364614
24: 2,14,8; 4,8,12; 5,12,7; 6,7,11; 3,11,10; 13,10,1; 9,1,14; 30-digit string: 214848125127671131110131019114
24: 2,12,10; 13,10,1; 9,1,14; 3,14,7; 6,7,11; 5,11,8; 4,8,12; 30-digit string: 212101310191143147671151184812
24: 2,12,10; 8,10,6; 5,6,13; 4,13,7; 3,7,14; 9,14,1; 11,1,12; 30-digit string: 212108106561341373714914111112
24: 2,10,12; 11,12,1; 9,1,14; 3,14,7; 4,7,13; 5,13,6; 8,6,10; 30-digit string: 210121112191143147471351368610
24: 2,10,12; 4,12,8; 5,8,11; 6,11,7; 3,7,14; 9,14,1; 13,1,10; 30-digit string: 210124128581161173714914113110
24: 2,8,14; 9,14,1; 13,1,10; 3,10,11; 6,11,7; 5,7,12; 4,12,8; 30-digit string: 281491411311031011611757124128
24: 2,8,14; 4,14,6; 5,6,13; 10,13,1; 11,1,12; 3,12,9; 7,9,8; 29-digit string: 28144146561310131111123129798
24: 1,14,9; 13,9,2; 10,2,12; 4,12,8; 5,8,11; 6,11,7; 3,7,14; 29-digit string: 11491392102124128581161173714
24: 1,13,10; 11,10,3; 12,3,9; 7,9,8; 2,8,14; 4,14,6; 5,6,13; 29-digit string: 11310111031239798281441465613
24: 1,13,10; 9,10,5; 12,5,7; 11,7,6; 4,6,14; 2,14,8; 3,8,13; 29-digit string: 11310910512571176461421483813
24: 1,13,10; 3,10,11; 6,11,7; 5,7,12; 4,12,8; 14,8,2; 9,2,13; 30-digit string: 113103101161175712412814829213
24: 1,14,9; 5,9,10; 3,10,11; 6,11,7; 13,7,4; 12,4,8; 2,8,14; 29-digit string: 11495910310116117137412482814
24: 1,12,11; 5,11,8; 10,8,6; 14,6,4; 7,4,13; 2,13,9; 3,9,12; 29-digit string: 11211511810861464741321393912
24: 1,12,11; 3,11,10; 6,10,8; 14,8,2; 9,2,13; 4,13,7; 5,7,12; 30-digit string: 112113111061081482921341375712
24: 1,10,13; 9,13,2; 14,2,8; 4,8,12; 5,12,7; 6,7,11; 3,11,10; 30-digit string: 110139132142848125127671131110
24: 1,10,13; 5,13,6; 4,6,14; 2,14,8; 7,8,9; 12,9,3; 11,3,10; 29-digit string: 11013513646142148789129311310
24: 1,10,13; 3,13,8; 2,8,14; 4,14,6; 11,6,7; 12,7,5; 9,5,10; 29-digit string: 11013313828144146116712759510
24: 1,11,12; 5,12,7; 4,7,13; 9,13,2; 14,2,8; 6,8,10; 3,10,11; 30-digit string: 111125127471391321428681031011
24: 1,11,12; 3,12,9; 2,9,13; 7,13,4; 14,4,6; 10,6,8; 5,8,11; 29-digit string: 11112312929137134144610685811
24: 1,9,14; 2,14,8; 12,8,4; 13,4,7; 6,7,11; 3,11,10; 5,10,9; 29-digit string: 19142148128413476711311105109
24: 1,9,14; 3,14,7; 6,7,11; 5,11,8; 4,8,12; 10,12,2; 13,2,9; 29-digit string: 19143147671151184812101221329
23: 2,13,8; 11,8,4; 5,4,14; 3,14,6; 7,6,10; 12,10,1; 9,1,13; 29-digit string: 21381184541431467610121019113
23: 2,14,7; 11,7,5; 8,5,10; 12,10,1; 9,1,13; 4,13,6; 3,6,14; 29-digit string: 21471175851012101911341363614
23: 2,14,7; 6,7,10; 12,10,1; 13,1,9; 3,9,11; 8,11,4; 5,4,14; 29-digit string: 21476710121011319391181145414
23: 2,12,9; 11,9,3; 7,3,13; 6,13,4; 5,4,14; 8,14,1; 10,1,12; 29-digit string: 21291193731361345414814110112
23: 2,11,10; 12,10,1; 14,1,8; 9,8,6; 4,6,13; 3,13,7; 5,7,11; 29-digit string: 21110121011418986461331375711
23: 2,10,11; 9,11,3; 7,3,13; 6,13,4; 5,4,14; 8,14,1; 12,1,10; 30-digit string: 210119113731361345414814112110
23: 2,11,10; 12,10,1; 13,1,9; 8,9,6; 3,6,14; 4,14,5; 7,5,11; 29-digit string: 21110121011319896361441457511
23: 2,11,10; 12,10,1; 9,1,13; 7,13,3; 6,3,14; 5,14,4; 8,4,11; 30-digit string: 211101210191137133631451448411
23: 2,11,10; 12,10,1; 8,1,14; 5,14,4; 6,4,13; 7,13,3; 9,3,11; 30-digit string: 211101210181145144641371339311
23: 2,10,11; 7,11,5; 6,5,12; 3,12,8; 14,8,1; 13,1,9; 4,9,10; 29-digit string: 21011711565123128148113194910
23: 2,10,11; 7,11,5; 12,5,6; 3,6,14; 8,14,1; 13,1,9; 4,9,10; 29-digit string: 21011711512563614814113194910
23: 2,10,11; 7,11,5; 4,5,14; 3,14,6; 8,6,9; 13,9,1; 12,1,10; 29-digit string: 21011711545143146869139112110
23: 2,10,11; 8,11,4; 5,4,14; 6,14,3; 7,3,13; 9,13,1; 12,1,10; 30-digit string: 210118114541461437313913112110
23: 2,10,11; 5,11,7; 3,7,13; 4,13,6; 9,6,8; 14,8,1; 12,1,10; 29-digit string: 21011511737134136968148112110
23: 2,10,11; 3,11,9; 13,9,1; 8,1,14; 5,14,4; 12,4,7; 6,7,10; 29-digit string: 21011311913918114514412476710
23: 2,10,11; 3,11,9; 13,9,1; 8,1,14; 4,14,5; 12,5,6; 7,6,10; 29-digit string: 21011311913918114414512567610
23: 2,11,10; 7,10,6; 12,6,5; 4,5,14; 8,14,1; 13,1,9; 3,9,11; 29-digit string: 21110710612654514814113193911
23: 2,11,10; 6,10,7; 12,7,4; 5,4,14; 8,14,1; 13,1,9; 3,9,11; 29-digit string: 21110610712745414814113193911
23: 2,11,10; 4,10,9; 13,9,1; 14,1,8; 3,8,12; 6,12,5; 7,5,11; 29-digit string: 21110410913911418381261257511
23: 2,9,12; 10,12,1; 8,1,14; 5,14,4; 6,4,13; 7,13,3; 11,3,9; 29-digit string: 29121012181145144641371331139
23: 2,11,10; 4,10,9; 13,9,1; 8,1,14; 3,14,6; 12,6,5; 7,5,11; 29-digit string: 21110410913918114314612657511
23: 2,8,13; 9,13,1; 12,1,10; 7,10,6; 3,6,14; 5,14,4; 11,4,8; 29-digit string: 28139131121107106361451441148
23: 1,14,8; 13,8,2; 11,2,10; 9,10,4; 7,4,12; 5,12,6; 3,6,14; 29-digit string: 11481382112109104741251263614
23: 1,14,8; 12,8,3; 9,3,11; 2,11,10; 7,10,6; 13,6,4; 5,4,14; 29-digit string: 11481283931121110710613645414
23: 1,14,8; 5,8,10; 11,10,2; 9,2,12; 7,12,4; 13,4,6; 3,6,14; 29-digit string: 11485810111029212712413463614
23: 1,14,8; 5,8,10; 11,10,2; 9,2,12; 4,12,7; 13,7,3; 6,3,14; 29-digit string: 11485810111029212412713736314
23: 1,14,8; 3,8,12; 9,12,2; 11,2,10; 7,10,6; 13,6,4; 5,4,14; 29-digit string: 11483812912211210710613645414
23: 1,14,8; 3,8,12; 5,12,6; 13,6,4; 9,4,10; 11,10,2; 7,2,14; 29-digit string: 11483812512613649410111027214
23: 2,7,14; 5,14,4; 8,4,11; 3,11,9; 13,9,1; 12,1,10; 6,10,7; 29-digit string: 27145144841131191391121106107
23: 1,13,9; 12,9,2; 10,2,11; 8,11,4; 5,4,14; 6,14,3; 7,3,13; 29-digit string: 11391292102118114541461437313
23: 1,13,9; 12,9,2; 11,2,10; 8,10,5; 4,5,14; 6,14,3; 7,3,13; 29-digit string: 11391292112108105451461437313
23: 2,7,14; 3,14,6; 4,6,13; 9,13,1; 12,1,10; 8,10,5; 11,5,7; 29-digit string: 27143146461391311211081051157
23: 1,10,12; 9,12,2; 14,2,7; 3,7,13; 6,13,4; 11,4,8; 5,8,10; 29-digit string: 11012912214273713613411485810
23: 1,10,12; 9,12,2; 13,2,8; 11,8,4; 5,4,14; 3,14,6; 7,6,10; 29-digit string: 11012912213281184541431467610
23: 1,10,12; 9,12,2; 7,2,14; 3,14,6; 13,6,4; 11,4,8; 5,8,10; 29-digit string: 11012912272143146136411485810
23: 1,12,10; 11,10,2; 13,2,8; 9,8,6; 3,6,14; 5,14,4; 7,4,12; 29-digit string: 11210111021328986361451447412
23: 1,12,10; 11,10,2; 7,2,14; 5,14,4; 13,4,6; 9,6,8; 3,8,12; 29-digit string: 11210111027214514413469683812
23: 1,10,12; 7,12,4; 5,4,14; 3,14,6; 9,6,8; 13,8,2; 11,2,10; 29-digit string: 11012712454143146968138211210
23: 1,10,12; 5,12,6; 14,6,3; 7,3,13; 2,13,8; 11,8,4; 9,4,10; 29-digit string: 11012512614637313213811849410
23: 1,10,12; 5,12,6; 3,6,14; 7,14,2; 13,2,8; 11,8,4; 9,4,10; 29-digit string: 11012512636147142132811849410
23: 1,10,12; 3,12,8; 9,8,6; 13,6,4; 5,4,14; 7,14,2; 11,2,10; 29-digit string: 11012312898613645414714211210
23: 1,10,12; 3,12,8; 9,8,6; 13,6,4; 14,4,5; 7,5,11; 2,11,10; 29-digit string: 11012312898613641445751121110
23: 1,10,12; 2,12,9; 11,9,3; 7,3,13; 6,13,4; 14,4,5; 8,5,10; 29-digit string: 11012212911937313613414458510
23: 1,12,10; 8,10,5; 14,5,4; 6,4,13; 7,13,3; 11,3,9; 2,9,12; 29-digit string: 11210810514546413713311392912
23: 1,12,10; 9,10,4; 11,4,8; 2,8,13; 7,13,3; 14,3,6; 5,6,12; 29-digit string: 11210910411482813713314365612
23: 1,12,10; 9,10,4; 11,4,8; 13,8,2; 7,2,14; 3,14,6; 5,6,12; 29-digit string: 11210910411481382721431465612
23: 1,12,10; 7,10,6; 3,6,14; 5,14,4; 11,4,8; 13,8,2; 9,2,12; 29-digit string: 11210710636145144114813829212
23: 1,12,10; 5,10,8; 11,8,4; 13,4,6; 3,6,14; 7,14,2; 9,2,12; 29-digit string: 11210510811841346361471429212
23: 1,12,10; 5,10,8; 11,8,4; 6,4,13; 3,13,7; 14,7,2; 9,2,12; 29-digit string: 11210510811846413313714729212
23: 1,12,10; 2,10,11; 7,11,5; 14,5,4; 13,4,6; 9,6,8; 3,8,12; 29-digit string: 11210210117115145413469683812
23: 1,9,13; 7,13,3; 6,3,14; 5,14,4; 8,4,11; 10,11,2; 12,2,9; 29-digit string: 19137133631451448411101121229
23: 1,9,13; 7,13,3; 6,3,14; 4,14,5; 8,5,10; 11,10,2; 12,2,9; 29-digit string: 19137133631441458510111021229
23: 1,8,14; 6,14,3; 13,3,7; 4,7,12; 9,12,2; 11,2,10; 5,10,8; 29-digit string: 18146143133747129122112105108
23: 1,8,14; 7,14,2; 11,2,10; 9,10,4; 13,4,6; 5,6,12; 3,12,8; 29-digit string: 18147142112109104134656123128
23: 1,8,14; 5,14,4; 13,4,6; 7,6,10; 11,10,2; 9,2,12; 3,12,8; 29-digit string: 18145144134676101110292123128
23: 1,8,14; 5,14,4; 13,4,6; 7,6,10; 2,10,11; 9,11,3; 12,3,8; 29-digit string: 18145144134676102101191131238
23: 1,8,14; 3,14,6; 13,6,4; 7,4,12; 9,12,2; 11,2,10; 5,10,8; 29-digit string: 18143146136474129122112105108
23: 1,8,14; 3,14,6; 5,6,12; 7,12,4; 9,4,10; 11,10,2; 13,2,8; 29-digit string: 18143146561271249410111021328
22: 4,12,6; 13,6,3; 5,3,14; 7,14,1; 10,1,11; 9,11,2; 8,2,12; 29-digit string: 41261363531471411011191128212
22: 4,6,12; 8,12,2; 9,2,11; 10,11,1; 7,1,14; 5,14,3; 13,3,6; 29-digit string: 46128122921110111711451431336
22: 3,14,5; 13,5,4; 7,4,11; 10,11,1; 9,1,12; 8,12,2; 6,2,14; 29-digit string: 31451354741110111911281226214
22: 3,14,5; 13,5,4; 6,4,12; 8,12,2; 9,2,11; 10,11,1; 7,1,14; 29-digit string: 31451354641281229211101117114
22: 3,14,5; 8,5,9; 12,9,1; 10,1,11; 4,11,7; 13,7,2; 6,2,14; 28-digit string: 3145859129110111411713726214
22: 3,14,5; 7,5,10; 4,10,8; 13,8,1; 12,1,9; 11,9,2; 6,2,14; 28-digit string: 3145751041081381121911926214
22: 3,13,6; 14,6,2; 8,2,12; 9,12,1; 11,1,10; 7,10,5; 4,5,13; 29-digit string: 31361462821291211111071054513
22: 3,13,6; 14,6,2; 8,2,12; 9,12,1; 10,1,11; 7,11,4; 5,4,13; 29-digit string: 31361462821291211011171145413
22: 3,5,14; 7,14,1; 10,1,11; 9,11,2; 8,2,12; 6,12,4; 13,4,5; 29-digit string: 35147141101119112821261241345
22: 3,5,14; 6,14,2; 13,2,7; 4,7,11; 10,11,1; 12,1,9; 8,9,5; 28-digit string: 3514614213274711101111219895
22: 3,5,14; 6,14,2; 11,2,9; 12,9,1; 13,1,8; 4,8,10; 7,10,5; 28-digit string: 3514614211291291131848107105
22: 3,5,14; 6,14,2; 8,2,12; 9,12,1; 10,1,11; 7,11,4; 13,4,5; 29-digit string: 35146142821291211011171141345
22: 3,6,13; 5,13,4; 7,4,11; 10,11,1; 9,1,12; 8,12,2; 14,2,6; 29-digit string: 36135134741110111911281221426
22: 2,14,6; 12,6,4; 13,4,5; 8,5,9; 3,9,10; 11,10,1; 7,1,14; 28-digit string: 2146126413458593910111017114
22: 2,14,6; 12,6,4; 13,4,5; 9,5,8; 3,8,11; 10,11,1; 7,1,14; 28-digit string: 2146126413459583811101117114
22: 2,14,6; 12,6,4; 7,4,11; 10,11,1; 13,1,8; 9,8,5; 3,5,14; 28-digit string: 2146126474111011113189853514
22: 2,14,6; 11,6,5; 13,5,4; 8,4,10; 3,10,9; 12,9,1; 7,1,14; 28-digit string: 2146116513548410310912917114
22: 2,14,6; 7,6,9; 12,9,1; 11,1,10; 8,10,4; 13,4,5; 3,5,14; 28-digit string: 2146769129111110810413453514
22: 2,13,7; 14,7,1; 12,1,9; 10,9,3; 8,3,11; 6,11,5; 4,5,13; 28-digit string: 2137147112191093831161154513
22: 3,6,13; 4,13,5; 7,5,10; 11,10,1; 9,1,12; 8,12,2; 14,2,6; 29-digit string: 36134135751011101911281221426
22: 2,13,7; 6,7,9; 12,9,1; 10,1,11; 8,11,3; 14,3,5; 4,5,13; 28-digit string: 2137679129110111811314354513
22: 2,13,7; 4,7,11; 10,11,1; 12,1,9; 8,9,5; 14,5,3; 6,3,13; 28-digit string: 2137471110111121989514536313
22: 2,13,7; 4,7,11; 6,11,5; 14,5,3; 10,3,9; 12,9,1; 8,1,13; 28-digit string: 2137471161151453103912918113
22: 2,12,8; 11,8,3; 6,3,13; 4,13,5; 10,5,7; 14,7,1; 9,1,12; 28-digit string: 2128118363134135105714719112
22: 2,11,9; 12,9,1; 14,1,7; 10,7,5; 4,5,13; 6,13,3; 8,3,11; 28-digit string: 2119129114171075451361338311
22: 2,11,9; 10,9,3; 12,3,7; 14,7,1; 8,1,13; 4,13,5; 6,5,11; 28-digit string: 2119109312371471811341356511
22: 2,11,9; 12,9,1; 8,1,13; 6,13,3; 14,3,5; 10,5,7; 4,7,11; 28-digit string: 2119129181136133143510574711
22: 2,11,9; 8,9,5; 13,5,4; 6,4,12; 3,12,7; 14,7,1; 10,1,11; 28-digit string: 2119895135464123127147110111
22: 2,11,9; 8,9,5; 4,5,13; 6,13,3; 12,3,7; 14,7,1; 10,1,11; 28-digit string: 2119895451361331237147110111
22: 2,11,9; 6,9,7; 12,7,3; 14,3,5; 4,5,13; 8,13,1; 10,1,11; 28-digit string: 2119697127314354513813110111
22: 2,9,11; 10,11,1; 14,1,7; 3,7,12; 6,12,4; 13,4,5; 8,5,9; 28-digit string: 2911101111417371261241345859
22: 2,9,11; 10,11,1; 8,1,13; 4,13,5; 14,5,3; 12,3,7; 6,7,9; 28-digit string: 2911101118113413514531237679
22: 2,9,11; 10,11,1; 14,1,7; 12,7,3; 6,3,13; 4,13,5; 8,5,9; 28-digit string: 2911101111417127363134135859
22: 2,9,11; 8,11,3; 6,3,13; 4,13,5; 10,5,7; 14,7,1; 12,1,9; 28-digit string: 2911811363134135105714711219
22: 2,9,11; 6,11,5; 4,5,13; 8,13,1; 14,1,7; 12,7,3; 10,3,9; 28-digit string: 2911611545138131141712731039
22: 2,9,11; 4,11,7; 10,7,5; 14,5,3; 6,3,13; 8,13,1; 12,1,9; 28-digit string: 2911411710751453631381311219
22: 2,8,12; 9,12,1; 14,1,7; 10,7,5; 4,5,13; 6,13,3; 11,3,8; 28-digit string: 2812912114171075451361331138
22: 2,7,13; 8,13,1; 12,1,9; 10,9,3; 14,3,5; 6,5,11; 4,11,7; 28-digit string: 2713813112191093143565114117
22: 2,7,13; 6,13,3; 14,3,5; 8,5,9; 12,9,1; 10,1,11; 4,11,7; 28-digit string: 2713613314358591291101114117
22: 2,7,13; 4,13,5; 14,5,3; 8,3,11; 10,11,1; 12,1,9; 6,9,7; 28-digit string: 2713413514538311101111219697
22: 2,7,13; 4,13,5; 6,5,11; 8,11,3; 10,3,9; 12,9,1; 14,1,7; 28-digit string: 2713413565118113103912911417
22: 2,6,14; 7,14,1; 12,1,9; 3,9,10; 8,10,4; 13,4,5; 11,5,6; 28-digit string: 2614714112193910810413451156
22: 2,6,14; 7,14,1; 11,1,10; 3,10,9; 8,9,5; 13,5,4; 12,4,6; 28-digit string: 2614714111110310989513541246
22: 2,6,14; 7,14,1; 10,1,11; 3,11,8; 9,8,5; 13,5,4; 12,4,6; 28-digit string: 2614714110111311898513541246
22: 1,14,7; 12,7,3; 9,3,10; 8,10,4; 13,4,5; 11,5,6; 2,6,14; 28-digit string: 1147127393108104134511562614
22: 1,14,7; 6,7,9; 11,9,2; 12,2,8; 10,8,4; 13,4,5; 3,5,14; 27-digit string: 114767911921228108413453514
22: 2,6,14; 3,14,5; 13,5,4; 8,4,10; 11,10,1; 12,1,9; 7,9,6; 28-digit string: 2614314513548410111011219796
22: 2,6,14; 3,14,5; 9,5,8; 13,8,1; 10,1,11; 7,11,4; 12,4,6; 28-digit string: 2614314595813811011171141246
22: 1,13,8; 12,8,2; 9,2,11; 4,11,7; 10,7,5; 14,5,3; 6,3,13; 28-digit string: 1138128292114117107514536313
22: 1,12,9; 10,9,3; 14,3,5; 6,5,11; 4,11,7; 13,7,2; 8,2,12; 28-digit string: 1129109314356511411713728212
22: 1,11,10; 8,10,4; 13,4,5; 14,5,3; 12,3,7; 6,7,9; 2,9,11; 28-digit string: 1111081041345145312376792911
22: 1,11,10; 7,10,5; 14,5,3; 13,3,6; 4,6,12; 8,12,2; 9,2,11; 29-digit string: 11110710514531336461281229211
22: 1,9,12; 8,12,2; 13,2,7; 4,7,11; 6,11,5; 14,5,3; 10,3,9; 28-digit string: 1912812213274711611514531039
22: 1,10,11; 9,11,2; 8,2,12; 4,12,6; 13,6,3; 14,3,5; 7,5,10; 29-digit string: 11011911282124126136314357510
22: 1,10,11; 2,11,9; 6,9,7; 12,7,3; 14,3,5; 13,5,4; 8,4,10; 28-digit string: 1101121196971273143513548410
22: 1,8,13; 6,13,3; 14,3,5; 10,5,7; 4,7,11; 9,11,2; 12,2,8; 28-digit string: 1813613314351057471191121228
22: 1,7,14; 3,14,5; 13,5,4; 10,4,8; 12,8,2; 11,2,9; 6,9,7; 27-digit string: 171431451354104812821129697
22: 1,7,14; 2,14,6; 11,6,5; 13,5,4; 8,4,10; 9,10,3; 12,3,7; 28-digit string: 1714214611651354841091031237
21: 4,14,3; 13,3,5; 7,5,9; 10,9,2; 11,2,8; 12,8,1; 6,1,14; 27-digit string: 414313357591092112812816114
21: 4,14,3; 12,3,6; 8,6,7; 13,7,1; 11,1,9; 10,9,2; 5,2,14; 27-digit string: 414312368671371111910925214
21: 4,3,14; 6,14,1; 12,1,8; 11,8,2; 10,2,9; 7,9,5; 13,5,3; 27-digit string: 431461411218118210297951353
21: 4,3,14; 5,14,2; 10,2,9; 11,9,1; 13,1,7; 8,7,6; 12,6,3; 27-digit string: 431451421029119113178761263
21: 3,12,6; 8,6,7; 13,7,1; 11,1,9; 10,9,2; 14,2,5; 4,5,12; 27-digit string: 312686713711119109214254512
21: 3,10,8; 4,8,9; 11,9,1; 13,1,7; 12,7,2; 14,2,5; 6,5,10; 27-digit string: 310848911911317127214256510
21: 3,8,10; 6,10,5; 14,5,2; 12,2,7; 13,7,1; 11,1,9; 4,9,8; 27-digit string: 381061051452122713711119498
21: 3,6,12; 4,12,5; 14,5,2; 10,2,9; 11,9,1; 13,1,7; 8,7,6; 27-digit string: 361241251452102911911317876
21: 2,13,6; 14,6,1; 12,1,8; 9,8,4; 10,4,7; 11,7,3; 5,3,13; 27-digit string: 213614611218984104711735313
21: 2,14,5; 13,5,3; 11,3,7; 10,7,4; 9,4,8; 12,8,1; 6,1,14; 27-digit string: 214513531137107494812816114
21: 2,14,5; 12,5,4; 9,4,8; 10,8,3; 11,3,7; 13,7,1; 6,1,14; 27-digit string: 214512549481083113713716114
21: 2,11,8; 9,8,4; 12,4,5; 10,5,6; 14,6,1; 13,1,7; 3,7,11; 27-digit string: 211898412451056146113173711
21: 2,8,11; 3,11,7; 13,7,1; 14,1,6; 10,6,5; 12,5,4; 9,4,8; 27-digit string: 281131171371141610651254948
21: 2,6,13; 5,13,3; 11,3,7; 10,7,4; 9,4,8; 12,8,1; 14,1,6; 27-digit string: 261351331137107494812811416
21: 2,5,14; 6,14,1; 13,1,7; 11,7,3; 10,3,8; 9,8,4; 12,4,5; 27-digit string: 251461411317117310389841245
21: 2,5,14; 6,14,1; 12,1,8; 9,8,4; 10,4,7; 11,7,3; 13,3,5; 27-digit string: 251461411218984104711731335
21: 1,13,7; 11,7,3; 10,3,8; 9,8,4; 12,4,5; 14,5,2; 6,2,13; 27-digit string: 113711731038984124514526213
21: 1,13,7; 9,7,5; 12,5,4; 14,4,3; 10,3,8; 11,8,2; 6,2,13; 27-digit string: 113797512541443103811826213
21: 1,9,11; 8,11,2; 13,2,6; 12,6,3; 14,3,4; 10,4,7; 5,7,9; 27-digit string: 191181121326126314341047579
21: 1,11,9; 5,9,7; 10,7,4; 14,4,3; 12,3,6; 13,6,2; 8,2,11; 27-digit string: 111959710741443123613628211
21: 1,7,13; 6,13,2; 14,2,5; 12,5,4; 9,4,8; 10,8,3; 11,3,7; 27-digit string: 171361321425125494810831137
21: 1,7,13; 6,13,2; 11,2,8; 10,8,3; 14,3,4; 12,4,5; 9,5,7; 27-digit string: 171361321128108314341245957
20: 6,12,2; 10,2,8; 9,8,3; 13,3,4; 11,4,5; 14,5,1; 7,1,12; 27-digit string: 612210289831334114514517112
20: 6,11,3; 12,3,5; 13,5,2; 14,2,4; 7,4,9; 10,9,1; 8,1,11; 27-digit string: 611312351352142474910918111
20: 6,9,5; 12,5,3; 13,3,4; 14,4,2; 7,2,11; 8,11,1; 10,1,9; 27-digit string: 695125313341442721181111019
20: 6,5,9; 10,9,1; 8,1,11; 7,11,2; 14,2,4; 13,4,3; 12,3,5; 27-digit string: 659109181117112142413431235
20: 6,3,11; 8,11,1; 10,1,9; 7,9,4; 14,4,2; 13,2,5; 12,5,3; 27-digit string: 631181111019794144213251253
20: 6,2,12; 7,12,1; 14,1,5; 11,5,4; 13,4,3; 9,3,8; 10,8,2; 27-digit string: 621271211415115413439381082
20: 4,10,6; 12,6,2; 13,2,5; 14,5,1; 11,1,8; 9,8,3; 7,3,10; 27-digit string: 410612621325145111189837310
20: 4,6,10; 7,10,3; 9,3,8; 11,8,1; 14,1,5; 13,5,2; 12,2,6; 27-digit string: 461071039381181141513521226
20: 3,10,7; 12,7,1; 13,1,6; 9,6,5; 11,5,4; 14,4,2; 8,2,10; 27-digit string: 310712711316965115414428210
20: 3,10,7; 9,7,4; 11,4,5; 14,5,1; 13,1,6; 12,6,2; 8,2,10; 27-digit string: 310797411451451131612628210
20: 3,10,7; 8,7,5; 11,5,4; 14,4,2; 12,2,6; 13,6,1; 9,1,10; 27-digit string: 310787511541442122613619110
20: 3,9,8; 11,8,1; 14,1,5; 13,5,2; 12,2,6; 10,6,4; 7,4,9; 26-digit string: 39811811415135212261064749
20: 3,9,8; 10,8,2; 12,2,6; 13,6,1; 14,1,5; 11,5,4; 7,4,9; 26-digit string: 39810821226136114151154749
20: 3,9,8; 7,8,5; 11,5,4; 14,4,2; 12,2,6; 13,6,1; 10,1,9; 26-digit string: 39878511541442122613611019
20: 3,8,9; 10,9,1; 13,1,6; 12,6,2; 14,2,4; 11,4,5; 7,5,8; 26-digit string: 38910911316126214241145758
20: 3,8,9; 7,9,4; 11,4,5; 14,5,1; 13,1,6; 12,6,2; 10,2,8; 26-digit string: 38979411451451131612621028
20: 3,8,9; 7,9,4; 10,4,6; 12,6,2; 13,2,5; 14,5,1; 11,1,8; 26-digit string: 38979410461262132514511118
20: 3,7,10; 9,10,1; 13,1,6; 12,6,2; 14,2,4; 11,4,5; 8,5,7; 27-digit string: 371091011316126214241145857
20: 3,7,10; 8,10,2; 14,2,4; 11,4,5; 9,5,6; 13,6,1; 12,1,7; 27-digit string: 371081021424114595613611217
20: 3,7,10; 8,10,2; 12,2,6; 13,6,1; 14,1,5; 11,5,4; 9,4,7; 27-digit string: 371081021226136114151154947
19: 8,7,4; 14,4,1; 13,1,5; 12,5,2; 11,2,6; 10,6,3; 9,3,7; 26-digit string: 87414411315125211261063937
19: 8,6,5; 13,5,1; 14,1,4; 12,4,3; 9,3,7; 10,7,2; 11,2,6; 26-digit string: 86513511414124393710721126
19: 8,6,5; 13,5,1; 11,1,7; 10,7,2; 14,2,3; 12,3,4; 9,4,6; 26-digit string: 86513511117107214231234946
19: 8,6,5; 12,5,2; 13,2,4; 14,4,1; 11,1,7; 9,7,3; 10,3,6; 26-digit string: 86512521324144111179731036
19: 8,6,5; 11,5,3; 9,3,7; 10,7,2; 13,2,4; 14,4,1; 12,1,6; 26-digit string: 86511539371072132414411216
19: 8,6,5; 10,5,4; 13,4,2; 14,2,3; 9,3,7; 11,7,1; 12,1,6; 26-digit string: 86510541342142393711711216
19: 8,7,4; 10,4,5; 13,5,1; 12,1,6; 11,6,2; 14,2,3; 9,3,7; 26-digit string: 87410451351121611621423937
19: 8,7,4; 9,4,6; 12,6,1; 13,1,5; 11,5,3; 14,3,2; 10,2,7; 26-digit string: 87494612611315115314321027
19: 8,7,4; 9,4,6; 10,6,3; 14,3,2; 12,2,5; 13,5,1; 11,1,7; 26-digit string: 87494610631432122513511117
19: 8,5,6; 12,6,1; 14,1,4; 13,4,2; 10,2,7; 9,7,3; 11,3,5; 26-digit string: 85612611414134210279731135
19: 8,5,6; 11,6,2; 10,2,7; 9,7,3; 12,3,4; 14,4,1; 13,1,5; 26-digit string: 85611621027973123414411315
19: 8,5,6; 12,6,1; 11,1,7; 9,7,3; 14,3,2; 13,2,4; 10,4,5; 26-digit string: 85612611117973143213241045
19: 8,5,6; 10,6,3; 9,3,7; 11,7,1; 14,1,4; 13,4,2; 12,2,5; 26-digit string: 85610639371171141413421225
19: 8,5,6; 9,6,4; 12,4,3; 14,3,2; 10,2,7; 11,7,1; 13,1,5; 26-digit string: 85696412431432102711711315
19: 8,4,7; 11,7,1; 13,1,5; 12,5,2; 14,2,3; 10,3,6; 9,6,4; 26-digit string: 84711711315125214231036964
19: 8,4,7; 10,7,2; 14,2,3; 11,3,5; 13,5,1; 12,1,6; 9,6,4; 26-digit string: 84710721423113513511216964
19: 8,4,7; 9,7,3; 14,3,2; 11,2,6; 12,6,1; 13,1,5; 10,5,4; 26-digit string: 84797314321126126113151054
19: 8,4,7; 9,7,3; 10,3,6; 11,6,2; 12,2,5; 13,5,1; 14,1,4; 26-digit string: 84797310361162122513511414
The maximum 26-digit string is: 87494612611315115314321027
The maximum 27-digit string is: 695125313341442721181111019
The maximum 28-digit string is: 3514614213274711101111219895
The maximum 29-digit string is: 46128122921110111711451431336
The maximum 30-digit string is: 281491411311031011611757124128
The maximum 31-digit string is: 1141171186812512949133131021014
Number of vertices examined: 55180
19.3638 [s]

