Level 1
Sequence of moves: 
(4,4) u (3,4)
(3,4) u (2,4)
(2,4) u (1,4)
(1,4) lu (0,3)
(0,3) l (0,2)
(0,2) l (0,1)
(0,1) l (0,0)
(0,0) d (1,0)
(1,0) ru (0,1)
(0,1) d (1,1)
(1,1) ru (0,2)
(0,2) ld (1,1)
(1,1) d (2,1)
(2,1) ru (1,2)
(1,2) ru (0,3)
(0,3) ld (1,2)
(1,2) l (1,1)
(1,1) rd (2,2)
(2,2) ru (1,3)
(1,3) l (1,2)
(1,2) ld (2,1)
(2,1) ld (3,0)
(3,0) ru (2,1)
(2,1) d (3,1)
(3,1) ru (2,2)
(2,2) u (1,2)
(1,2) rd (2,3)
(2,3) ru (1,4)
(1,4) l (1,3)
(1,3) d (2,3)
(2,3) ld (3,2)
(3,2) l (3,1)
(3,1) rd (4,2)
(4,2) ru (3,3)
(3,3) ru (2,4)
(2,4) ld (3,3)
(3,3) l (3,2)
(3,2) ld (4,1)
(4,1) u (3,1)
(3,1) d (4,1)
(4,1) ru (3,2)
(3,2) rd (4,3)
(4,3) ru (3,4)
(3,4) l (3,3)
(3,3) r (3,4)
(3,4) lu (2,3)
(2,3) lu (1,2)
Number of moves: 47
Number of vertices examined: 598429
8.57332 [s]

Level 2
Sequence of moves: 
(4,4) u (3,4)
(3,4) u (2,4)
(2,4) u (1,4)
(1,4) u (0,4)
(0,4) l (0,3)
(0,3) l (0,2)
(0,2) l (0,1)
(0,1) l (0,0)
(0,0) d (1,0)
(1,0) d (2,0)
(2,0) ru (1,1)
(1,1) ru (0,2)
(0,2) ld (1,1)
(1,1) ld (2,0)
(2,0) d (3,0)
(3,0) ru (2,1)
(2,1) ru (1,2)
(1,2) l (1,1)
(1,1) d (2,1)
(2,1) d (3,1)
(3,1) ru (2,2)
(2,2) ru (1,3)
(1,3) l (1,2)
(1,2) ld (2,1)
(2,1) rd (3,2)
(3,2) ru (2,3)
(2,3) ru (1,4)
(1,4) l (1,3)
(1,3) ld (2,2)
(2,2) u (1,2)
(1,2) d (2,2)
(2,2) ld (3,1)
(3,1) ld (4,0)
(4,0) r (4,1)
(4,1) ru (3,2)
(3,2) d (4,2)
(4,2) ru (3,3)
(3,3) ru (2,4)
(2,4) lu (1,3)
(1,3) d (2,3)
(2,3) lu (1,2)
(1,2) rd (2,3)
(2,3) ld (3,2)
(3,2) r (3,3)
(3,3) ld (4,2)
(4,2) r (4,3)
(4,3) l (4,2)
Number of moves: 47
Number of vertices examined: 101
0.00620885 [s]

Level 4
