Level 001
Sequence of moves: 
0 0 0 1 1 
0 0 0 0 0 
0 0 0 1 1 
0 0 0 0 0 
0 0 0 1 1 
click (1,5)
0 0 0 0 0 
0 0 0 0 1 
0 0 0 1 1 
0 0 0 0 0 
0 0 0 1 1 
click (3,5)
0 0 0 0 0 
0 0 0 0 0 
0 0 0 0 0 
0 0 0 0 1 
0 0 0 1 1 
click (5,5)
0 0 0 0 0 
0 0 0 0 0 
0 0 0 0 0 
0 0 0 0 0 
0 0 0 0 0 
Number of moves: 3
Number of vertices examined: 4
0.00316612 [s]

Level 002
Sequence of moves: 
0 1 0 1 1 
0 1 0 0 1 
0 0 0 0 0 
0 1 0 0 1 
0 1 0 1 1 
click (1,5)
0 1 0 0 0 
0 1 0 0 0 
0 0 0 0 0 
0 1 0 0 1 
0 1 0 1 1 
click (5,5)
0 1 0 0 0 
0 1 0 0 0 
0 0 0 0 0 
0 1 0 0 0 
0 1 0 0 0 
click (1,1)
1 0 0 0 0 
1 1 0 0 0 
0 0 0 0 0 
0 1 0 0 0 
0 1 0 0 0 
click (2,1)
0 0 0 0 0 
0 0 0 0 0 
1 0 0 0 0 
0 1 0 0 0 
0 1 0 0 0 
click (4,1)
0 0 0 0 0 
0 0 0 0 0 
0 0 0 0 0 
1 0 0 0 0 
1 1 0 0 0 
click (5,1)
0 0 0 0 0 
0 0 0 0 0 
0 0 0 0 0 
0 0 0 0 0 
0 0 0 0 0 
Number of moves: 6
Number of vertices examined: 12
0.00385892 [s]

Level 003
Sequence of moves: 
1 0 0 
0 0 0 
0 0 0 
click (1,1)
0 1 0 
1 0 0 
0 0 0 
click (1,3)
0 0 1 
1 0 1 
0 0 0 
click (2,3)
0 0 0 
1 1 0 
0 0 1 
click (3,2)
0 0 0 
1 0 0 
1 1 0 
click (3,1)
0 0 0 
0 0 0 
0 0 0 
Number of moves: 5
Number of vertices examined: 83
0.00531846 [s]

Level 004
Sequence of moves: 
1 1 1 1 1 
1 1 1 1 1 
1 1 1 1 1 
1 1 1 1 1 
1 1 1 1 1 
click (2,2)
1 0 1 1 1 
0 0 0 1 1 
1 0 1 1 1 
1 1 1 1 1 
1 1 1 1 1 
click (3,4)
1 0 1 1 1 
0 0 0 0 1 
1 0 0 0 0 
1 1 1 0 1 
1 1 1 1 1 
click (4,1)
1 0 1 1 1 
0 0 0 0 1 
0 0 0 0 0 
0 0 1 0 1 
0 1 1 1 1 
click (1,5)
1 0 1 0 0 
0 0 0 0 0 
0 0 0 0 0 
0 0 1 0 1 
0 1 1 1 1 
click (4,4)
1 0 1 0 0 
0 0 0 0 0 
0 0 0 1 0 
0 0 0 1 0 
0 1 1 0 1 
click (4,5)
1 0 1 0 0 
0 0 0 0 0 
0 0 0 1 1 
0 0 0 0 1 
0 1 1 0 0 
click (3,5)
1 0 1 0 0 
0 0 0 0 1 
0 0 0 0 0 
0 0 0 0 0 
0 1 1 0 0 
click (1,3)
1 1 0 1 0 
0 0 1 0 1 
0 0 0 0 0 
0 0 0 0 0 
0 1 1 0 0 
click (2,4)
1 1 0 0 0 
0 0 0 1 0 
0 0 0 1 0 
0 0 0 0 0 
0 1 1 0 0 
click (1,2)
0 0 1 0 0 
0 1 0 1 0 
0 0 0 1 0 
0 0 0 0 0 
0 1 1 0 0 
click (2,3)
0 0 0 0 0 
0 0 1 0 0 
0 0 1 1 0 
0 0 0 0 0 
0 1 1 0 0 
click (3,3)
0 0 0 0 0 
0 0 0 0 0 
0 1 0 0 0 
0 0 1 0 0 
0 1 1 0 0 
click (4,2)
0 0 0 0 0 
0 0 0 0 0 
0 0 0 0 0 
1 1 0 0 0 
0 0 1 0 0 
click (5,2)
0 0 0 0 0 
0 0 0 0 0 
0 0 0 0 0 
1 0 0 0 0 
1 1 0 0 0 
click (5,1)
0 0 0 0 0 
0 0 0 0 0 
0 0 0 0 0 
0 0 0 0 0 
0 0 0 0 0 
Number of moves: 15
Number of vertices examined: 34416
5.38153 [s]

